v -0.12 0.70 0.12 
v  0.12 0.70 0.12 
v  0.12 0.90 0.12 
v -0.12 0.90 0.12 
v -0.12 0.70 -0.12
v  0.12 0.70 -0.12 
v  0.12 0.90 -0.12
v -0.12 0.90 -0.12

v -0.18 0.25 0.18 
v  0.18 0.25 0.18  
v  0.18 0.65 0.18 
v -0.18 0.65 0.18  
v -0.18 0.25 -0.18
v  0.18 0.25 -0.18 
v  0.18 0.65 -0.18 
v -0.18 0.65 -0.18 

v -0.22 0.00 0.22  
v  0.22 0.00 0.22 
v  0.22 0.20 0.22 
v -0.22 0.20 0.22  
v -0.22 0.00 -0.22 
v  0.22 0.00 -0.22 
v  0.22 0.20 -0.22 
v -0.22 0.20 -0.22 

v -0.05 0.92 0.05
v -0.05 1.15 0.00
v  0.05 0.92 0.05
v  0.05 1.15 0.00

f 1 2 3
f 1 3 4
f 5 7 6
f 5 8 7
f 1 5 2
f 5 6 2
f 2 6 3
f 6 7 3
f 3 7 4
f 7 8 4
f 4 8 1
f 8 5 1

f 9 10 11
f 9 11 12
f 13 15 14
f 13 16 15
f 9 13 10
f 13 14 10
f 10 14 11
f 14 15 11
f 11 15 12
f 15 16 12
f 12 16 9
f 16 13 9

f 17 18 19
f 17 19 20
f 21 23 22
f 21 24 23
f 17 21 18
f 21 22 18
f 18 22 19
f 22 23 19
f 19 23 20
f 23 24 20
f 20 24 17
f 24 21 17

f 25 26 4
f 25 4 1

f 27 28 3
f 27 3 2